100
1 2
1 3
1 5
1 6
1 7
1 8
1 10
1 13
1 14
1 17
1 19
1 22
1 23
1 24
1 25
1 30
1 33
1 34
1 35
1 36
1 37
1 39
1 40
1 41
1 42
1 44
1 45
1 46
1 49
1 50
1 52
1 53
1 55
1 56
1 59
1 62
1 63
1 65
1 66
1 67
1 69
1 70
1 71
1 74
1 76
1 79
1 80
1 82
1 84
1 85
1 86
1 87
1 90
1 91
1 92
1 93
1 96
1 99
2 3
2 5
2 9
2 12
2 15
2 16
2 17
2 20
2 21
2 22
2 23
2 24
2 25
2 28
2 31
2 32
2 33
2 36
2 37
2 38
2 39
2 41
2 42
2 44
2 46
2 47
2 49
2 51
2 52
2 61
2 63
2 64
2 66
2 67
2 69
2 70
2 71
2 72
2 74
2 76
2 77
2 78
2 79
2 80
2 83
2 84
2 85
2 86
2 87
2 89
2 90
2 94
2 95
2 97
2 100
3 5
3 10
3 11
3 12
3 13
3 14
3 16
3 18
3 20
3 22
3 24
3 25
3 26
3 30
3 31
3 33
3 34
3 35
3 37
3 38
3 39
3 40
3 42
3 44
3 45
3 46
3 47
3 51
3 52
3 53
3 54
3 55
3 56
3 57
3 58
3 60
3 61
3 62
3 63
3 65
3 66
3 68
3 70
3 71
3 72
3 73
3 75
3 77
3 81
3 82
3 86
3 87
3 89
3 90
3 92
3 95
3 96
3 97
3 98
4 6
4 7
4 10
4 15
4 16
4 17
4 18
4 21
4 24
4 25
4 26
4 29
4 34
4 37
4 38
4 39
4 40
4 43
4 46
4 47
4 50
4 53
4 54
4 56
4 59
4 60
4 61
4 62
4 65
4 66
4 67
4 68
4 74
4 75
4 76
4 78
4 81
4 82
4 83
4 84
4 85
4 86
4 87
4 89
4 91
4 94
4 95
4 96
4 99
4 100
5 8
5 11
5 13
5 15
5 16
5 17
5 18
5 22
5 25
5 28
5 30
5 31
5 35
5 36
5 40
5 41
5 44
5 46
5 48
5 49
5 51
5 53
5 54
5 55
5 56
5 58
5 60
5 61
5 62
5 63
5 64
5 68
5 69
5 73
5 75
5 78
5 80
5 85
5 86
5 88
5 89
5 97
5 98
5 99
5 100
6 8
6 10
6 12
6 13
6 19
6 20
6 23
6 24
6 25
6 27
6 28
6 29
6 35
6 36
6 38
6 40
6 41
6 46
6 52
6 54
6 58
6 59
6 60
6 63
6 64
6 65
6 66
6 68
6 69
6 70
6 71
6 73
6 75
6 76
6 79
6 82
6 83
6 84
6 87
6 88
6 89
6 91
6 92
6 97
6 98
6 99
6 100
7 12
7 13
7 18
7 20
7 21
7 23
7 24
7 26
7 28
7 29
7 32
7 34
7 35
7 37
7 38
7 40
7 41
7 43
7 44
7 45
7 46
7 48
7 50
7 52
7 53
7 54
7 60
7 61
7 67
7 68
7 70
7 73
7 76
7 79
7 80
7 82
7 85
7 86
7 89
7 92
7 95
7 96
7 97
7 98
7 99
8 10
8 14
8 18
8 19
8 23
8 24
8 25
8 28
8 32
8 33
8 34
8 35
8 36
8 45
8 49
8 50
8 53
8 55
8 60
8 61
8 63
8 66
8 67
8 72
8 75
8 76
8 79
8 80
8 83
8 86
8 91
8 92
8 96
8 97
8 98
8 99
8 100
9 10
9 11
9 12
9 13
9 15
9 18
9 21
9 22
9 25
9 31
9 32
9 33
9 34
9 36
9 37
9 38
9 42
9 43
9 44
9 46
9 49
9 51
9 52
9 54
9 57
9 58
9 60
9 61
9 64
9 65
9 66
9 67
9 68
9 71
9 77
9 82
9 83
9 84
9 85
9 87
9 88
9 93
9 94
9 96
9 97
9 98
9 99
10 11
10 15
10 16
10 18
10 19
10 24
10 25
10 26
10 28
10 29
10 31
10 33
10 34
10 35
10 37
10 39
10 43
10 44
10 46
10 48
10 49
10 57
10 58
10 59
10 62
10 65
10 66
10 67
10 68
10 70
10 73
10 76
10 78
10 81
10 83
10 85
10 86
10 89
10 92
10 95
10 97
10 98
11 13
11 15
11 17
11 18
11 20
11 21
11 23
11 24
11 25
11 26
11 27
11 28
11 33
11 34
11 36
11 37
11 38
11 39
11 40
11 41
11 42
11 46
11 50
11 51
11 54
11 56
11 57
11 58
11 60
11 62
11 63
11 67
11 69
11 71
11 72
11 75
11 77
11 79
11 80
11 81
11 82
11 88
11 89
11 93
11 96
11 98
11 99
11 100
12 13
12 14
12 15
12 16
12 17
12 20
12 21
12 23
12 26
12 27
12 28
12 29
12 30
12 31
12 34
12 38
12 39
12 44
12 47
12 54
12 61
12 62
12 65
12 66
12 67
12 69
12 70
12 71
12 75
12 76
12 77
12 78
12 81
12 83
12 84
12 86
12 87
12 88
12 89
12 90
12 92
12 93
12 98
12 99
12 100
13 14
13 16
13 19
13 21
13 23
13 24
13 26
13 27
13 28
13 30
13 31
13 32
13 34
13 37
13 39
13 41
13 43
13 46
13 47
13 49
13 50
13 51
13 52
13 53
13 57
13 58
13 64
13 65
13 67
13 70
13 73
13 74
13 75
13 77
13 79
13 81
13 82
13 83
13 84
13 87
13 88
13 89
13 90
13 92
13 93
13 96
13 97
13 99
14 17
14 18
14 19
14 22
14 23
14 27
14 28
14 31
14 32
14 33
14 42
14 45
14 47
14 49
14 53
14 55
14 56
14 57
14 60
14 62
14 67
14 68
14 69
14 70
14 71
14 72
14 75
14 76
14 78
14 80
14 84
14 85
14 90
14 91
14 92
14 95
14 96
15 17
15 19
15 21
15 22
15 25
15 26
15 27
15 28
15 29
15 30
15 32
15 37
15 40
15 42
15 45
15 48
15 50
15 52
15 53
15 54
15 55
15 56
15 58
15 61
15 66
15 68
15 69
15 71
15 72
15 75
15 77
15 78
15 79
15 81
15 82
15 84
15 85
15 88
15 89
15 90
15 91
15 92
15 94
15 95
15 99
15 100
16 17
16 18
16 20
16 23
16 25
16 26
16 28
16 30
16 37
16 39
16 40
16 43
16 46
16 47
16 49
16 51
16 53
16 56
16 59
16 61
16 62
16 64
16 65
16 66
16 69
16 70
16 72
16 76
16 78
16 85
16 88
16 96
16 98
16 99
17 18
17 19
17 20
17 23
17 24
17 27
17 28
17 29
17 30
17 32
17 35
17 36
17 38
17 40
17 41
17 43
17 47
17 53
17 54
17 55
17 58
17 59
17 61
17 63
17 64
17 67
17 70
17 71
17 72
17 76
17 78
17 79
17 80
17 81
17 82
17 84
17 85
17 88
17 90
17 93
17 94
17 96
17 97
17 100
18 22
18 24
18 28
18 29
18 33
18 36
18 38
18 39
18 47
18 48
18 49
18 50
18 53
18 54
18 58
18 61
18 62
18 64
18 69
18 70
18 71
18 72
18 74
18 75
18 80
18 81
18 82
18 84
18 86
18 87
18 89
18 94
18 97
18 98
18 99
18 100
19 22
19 24
19 28
19 31
19 33
19 38
19 41
19 42
19 44
19 45
19 46
19 51
19 52
19 53
19 54
19 56
19 57
19 59
19 61
19 63
19 64
19 66
19 68
19 71
19 72
19 75
19 76
19 79
19 81
19 82
19 83
19 84
19 90
19 92
19 96
19 98
19 99
19 100
20 25
20 30
20 31
20 33
20 36
20 46
20 48
20 49
20 50
20 51
20 52
20 55
20 56
20 58
20 59
20 64
20 67
20 68
20 69
20 70
20 71
20 73
20 76
20 77
20 78
20 79
20 80
20 83
20 85
20 86
20 87
20 88
20 89
20 90
20 93
20 94
20 95
21 23
21 24
21 26
21 28
21 29
21 30
21 31
21 32
21 33
21 34
21 36
21 39
21 45
21 47
21 48
21 49
21 52
21 55
21 56
21 59
21 62
21 65
21 66
21 71
21 73
21 75
21 76
21 78
21 79
21 80
21 81
21 83
21 85
21 87
21 88
21 91
21 93
21 98
21 99
22 23
22 24
22 26
22 28
22 29
22 36
22 37
22 38
22 40
22 42
22 43
22 44
22 51
22 53
22 55
22 57
22 58
22 61
22 63
22 64
22 65
22 66
22 68
22 71
22 73
22 74
22 79
22 82
22 84
22 88
22 89
22 91
22 92
22 96
22 98
22 100
23 24
23 27
23 30
23 31
23 32
23 33
23 34
23 36
23 37
23 38
23 40
23 41
23 44
23 45
23 47
23 50
23 52
23 54
23 55
23 56
23 57
23 58
23 60
23 63
23 65
23 70
23 72
23 75
23 78
23 81
23 83
23 85
23 88
23 89
23 90
23 92
23 93
23 94
23 96
23 97
24 27
24 28
24 29
24 30
24 32
24 33
24 35
24 37
24 42
24 43
24 46
24 50
24 52
24 53
24 54
24 58
24 59
24 63
24 64
24 65
24 69
24 71
24 73
24 79
24 80
24 81
24 82
24 83
24 86
24 89
24 91
24 92
24 93
24 94
24 95
24 98
25 26
25 29
25 30
25 35
25 36
25 37
25 39
25 41
25 42
25 45
25 46
25 47
25 48
25 49
25 51
25 52
25 55
25 59
25 60
25 61
25 66
25 67
25 70
25 72
25 73
25 78
25 79
25 82
25 83
25 88
25 89
25 97
25 100
26 35
26 38
26 40
26 42
26 43
26 46
26 47
26 49
26 50
26 52
26 53
26 54
26 55
26 56
26 58
26 59
26 60
26 63
26 64
26 66
26 67
26 69
26 73
26 74
26 75
26 77
26 78
26 79
26 82
26 85
26 86
26 88
26 89
26 92
26 99
27 28
27 30
27 33
27 34
27 36
27 37
27 40
27 42
27 45
27 46
27 48
27 49
27 51
27 53
27 54
27 55
27 60
27 61
27 66
27 68
27 69
27 70
27 73
27 74
27 75
27 78
27 79
27 80
27 81
27 83
27 88
27 90
27 94
27 97
27 100
28 31
28 32
28 34
28 36
28 39
28 40
28 42
28 43
28 44
28 45
28 46
28 47
28 49
28 50
28 51
28 52
28 53
28 54
28 56
28 57
28 62
28 64
28 65
28 66
28 71
28 74
28 76
28 79
28 80
28 81
28 82
28 85
28 86
28 88
28 89
28 91
28 92
28 93
28 96
28 98
29 31
29 32
29 34
29 37
29 38
29 40
29 42
29 44
29 47
29 49
29 50
29 52
29 55
29 56
29 58
29 64
29 65
29 66
29 68
29 69
29 70
29 72
29 73
29 74
29 75
29 78
29 79
29 85
29 87
29 90
29 91
29 94
29 95
29 97
29 100
30 31
30 36
30 38
30 39
30 44
30 45
30 47
30 49
30 51
30 52
30 53
30 56
30 58
30 59
30 60
30 63
30 66
30 68
30 69
30 71
30 72
30 77
30 78
30 81
30 82
30 84
30 85
30 88
30 91
30 93
30 99
31 33
31 35
31 36
31 37
31 38
31 39
31 40
31 43
31 45
31 46
31 52
31 57
31 58
31 59
31 61
31 64
31 65
31 66
31 67
31 68
31 70
31 72
31 73
31 74
31 76
31 77
31 78
31 79
31 83
31 85
31 86
31 87
31 92
31 94
31 96
31 97
31 98
31 99
32 36
32 39
32 40
32 43
32 44
32 45
32 48
32 49
32 51
32 53
32 54
32 55
32 58
32 60
32 61
32 65
32 66
32 67
32 68
32 69
32 71
32 72
32 74
32 78
32 79
32 86
32 87
32 90
32 92
32 94
32 97
32 98
32 99
33 34
33 35
33 36
33 37
33 42
33 43
33 44
33 45
33 46
33 49
33 50
33 51
33 53
33 54
33 55
33 56
33 60
33 62
33 63
33 66
33 67
33 71
33 73
33 75
33 76
33 78
33 81
33 82
33 83
33 84
33 88
33 96
33 97
34 35
34 37
34 38
34 39
34 40
34 41
34 42
34 43
34 44
34 45
34 47
34 48
34 51
34 52
34 53
34 54
34 57
34 58
34 59
34 60
34 65
34 68
34 71
34 72
34 76
34 78
34 81
34 83
34 86
34 87
34 89
34 91
34 93
34 94
34 96
34 98
35 36
35 37
35 38
35 39
35 40
35 41
35 42
35 43
35 44
35 45
35 46
35 48
35 53
35 55
35 56
35 61
35 64
35 65
35 66
35 68
35 70
35 74
35 76
35 77
35 81
35 82
35 84
35 85
35 90
35 91
35 92
35 95
35 98
35 99
36 37
36 38
36 43
36 45
36 46
36 47
36 48
36 49
36 50
36 52
36 53
36 54
36 57
36 66
36 69
36 70
36 71
36 73
36 74
36 75
36 76
36 77
36 79
36 80
36 82
36 86
36 90
36 91
36 93
36 95
36 96
36 97
36 99
36 100
37 39
37 40
37 43
37 44
37 46
37 47
37 49
37 50
37 51
37 54
37 55
37 56
37 58
37 60
37 61
37 64
37 68
37 73
37 74
37 75
37 76
37 80
37 82
37 84
37 85
37 86
37 87
37 89
37 95
37 96
37 97
37 98
37 99
37 100
38 39
38 41
38 43
38 49
38 51
38 54
38 57
38 58
38 59
38 60
38 61
38 62
38 64
38 65
38 67
38 73
38 76
38 78
38 87
38 88
38 91
38 92
38 94
38 97
38 98
38 99
39 41
39 42
39 43
39 44
39 45
39 46
39 48
39 49
39 50
39 52
39 56
39 57
39 58
39 59
39 62
39 63
39 66
39 68
39 69
39 70
39 73
39 74
39 75
39 76
39 78
39 79
39 83
39 84
39 85
39 91
39 92
39 95
39 97
39 100
40 45
40 47
40 48
40 49
40 51
40 52
40 54
40 57
40 62
40 63
40 65
40 67
40 68
40 69
40 70
40 71
40 77
40 78
40 83
40 86
40 87
40 89
40 90
40 91
40 96
40 98
41 46
41 47
41 48
41 50
41 51
41 52
41 53
41 59
41 61
41 62
41 65
41 66
41 71
41 76
41 78
41 80
41 82
41 85
41 93
41 94
41 97
42 44
42 45
42 46
42 47
42 49
42 50
42 51
42 54
42 55
42 58
42 59
42 60
42 62
42 63
42 73
42 77
42 79
42 80
42 84
42 87
42 90
42 93
42 94
42 97
42 98
42 99
43 44
43 45
43 48
43 49
43 50
43 51
43 53
43 56
43 61
43 63
43 64
43 66
43 67
43 68
43 69
43 70
43 71
43 74
43 76
43 79
43 81
43 83
43 86
43 90
43 92
43 93
43 96
43 97
43 98
43 100
44 45
44 47
44 48
44 49
44 53
44 54
44 56
44 57
44 59
44 60
44 66
44 67
44 69
44 71
44 72
44 76
44 78
44 79
44 81
44 85
44 86
44 89
44 90
44 92
44 96
44 99
45 46
45 48
45 51
45 52
45 53
45 55
45 58
45 59
45 61
45 62
45 64
45 65
45 66
45 67
45 68
45 69
45 71
45 72
45 76
45 80
45 83
45 84
45 85
45 94
45 100
46 52
46 53
46 54
46 59
46 61
46 63
46 66
46 68
46 69
46 71
46 74
46 76
46 77
46 79
46 81
46 83
46 89
46 90
46 91
46 92
46 94
46 95
46 98
46 99
47 49
47 54
47 55
47 56
47 57
47 58
47 59
47 60
47 61
47 64
47 65
47 67
47 69
47 72
47 73
47 74
47 75
47 77
47 78
47 79
47 83
47 92
47 94
48 49
48 52
48 55
48 57
48 59
48 61
48 63
48 66
48 67
48 68
48 69
48 70
48 71
48 72
48 74
48 81
48 84
48 86
48 87
48 90
48 92
48 96
48 98
49 50
49 51
49 52
49 53
49 54
49 55
49 56
49 57
49 58
49 59
49 60
49 66
49 73
49 75
49 78
49 81
49 84
49 86
49 89
49 90
49 91
49 93
49 94
49 95
49 96
49 98
50 51
50 54
50 57
50 61
50 62
50 63
50 64
50 67
50 70
50 73
50 74
50 75
50 77
50 80
50 83
50 84
50 85
50 88
50 89
50 90
50 91
50 93
50 95
50 100
51 54
51 57
51 58
51 62
51 63
51 68
51 69
51 70
51 71
51 75
51 78
51 79
51 80
51 81
51 84
51 89
51 95
51 97
51 98
51 100
52 54
52 56
52 57
52 59
52 60
52 62
52 64
52 65
52 68
52 71
52 74
52 78
52 80
52 82
52 87
52 91
52 93
52 94
52 96
52 97
52 98
53 57
53 59
53 61
53 62
53 63
53 65
53 67
53 68
53 69
53 71
53 72
53 75
53 79
53 80
53 81
53 83
53 87
53 89
53 91
53 95
53 96
54 55
54 59
54 61
54 63
54 66
54 68
54 70
54 71
54 72
54 75
54 76
54 78
54 79
54 80
54 81
54 83
54 85
54 86
54 87
54 88
54 91
54 92
54 93
54 94
54 96
54 99
54 100
55 57
55 58
55 60
55 61
55 62
55 63
55 66
55 69
55 70
55 71
55 72
55 73
55 74
55 76
55 78
55 80
55 81
55 82
55 88
55 90
55 91
55 92
55 94
55 95
55 96
55 97
55 98
56 58
56 60
56 61
56 62
56 64
56 67
56 69
56 70
56 74
56 76
56 77
56 79
56 80
56 81
56 83
56 84
56 89
56 90
56 93
56 94
56 95
56 96
57 60
57 62
57 65
57 68
57 69
57 72
57 75
57 77
57 79
57 80
57 81
57 82
57 85
57 89
57 91
57 92
57 94
57 95
57 96
57 97
57 100
58 59
58 60
58 63
58 64
58 65
58 66
58 69
58 71
58 73
58 75
58 77
58 79
58 81
58 84
58 85
58 86
58 88
58 90
58 91
58 94
58 96
58 97
58 99
58 100
59 61
59 63
59 65
59 70
59 72
59 77
59 80
59 81
59 83
59 87
59 89
59 91
59 92
59 93
59 96
59 97
59 99
60 61
60 62
60 63
60 64
60 66
60 67
60 71
60 75
60 76
60 82
60 83
60 84
60 85
60 86
60 88
60 92
60 93
60 94
60 95
60 96
60 97
61 64
61 67
61 68
61 70
61 72
61 76
61 77
61 79
61 82
61 83
61 86
61 93
61 94
61 96
61 100
62 66
62 67
62 69
62 71
62 79
62 89
62 91
62 93
62 95
62 96
62 99
63 68
63 75
63 76
63 79
63 82
63 83
63 87
63 92
63 94
63 96
63 100
64 66
64 67
64 69
64 71
64 72
64 78
64 80
64 84
64 85
64 86
64 88
64 93
64 94
64 96
64 100
65 69
65 70
65 74
65 76
65 78
65 79
65 82
65 84
65 88
65 89
65 90
65 91
65 92
65 93
65 94
65 95
65 96
65 97
65 98
65 99
65 100
66 67
66 68
66 71
66 73
66 77
66 78
66 81
66 82
66 83
66 87
66 88
66 90
66 92
66 93
66 96
67 68
67 70
67 71
67 73
67 74
67 75
67 80
67 83
67 86
67 87
67 91
67 92
67 93
67 94
67 96
67 97
67 98
67 100
68 69
68 70
68 72
68 73
68 75
68 77
68 81
68 83
68 84
68 85
68 86
68 88
68 91
68 94
68 96
68 97
68 98
68 99
69 70
69 73
69 74
69 78
69 80
69 82
69 83
69 84
69 86
69 87
69 88
69 89
69 90
69 91
69 94
69 96
69 97
69 98
69 99
69 100
70 71
70 72
70 74
70 75
70 76
70 80
70 82
70 85
70 86
70 87
70 88
70 89
70 90
70 91
70 92
70 97
70 98
70 99
71 73
71 74
71 75
71 77
71 78
71 79
71 80
71 82
71 83
71 84
71 85
71 86
71 88
71 91
71 92
71 94
71 96
71 99
72 74
72 75
72 81
72 84
72 87
72 89
72 91
72 93
72 94
72 97
72 99
72 100
73 76
73 79
73 80
73 82
73 83
73 86
73 87
73 90
73 91
73 94
73 96
73 97
73 98
73 100
74 76
74 77
74 78
74 81
74 83
74 84
74 87
74 88
74 90
74 95
74 96
74 97
74 98
74 100
75 77
75 79
75 80
75 82
75 84
75 85
75 86
75 91
75 92
75 94
75 97
75 98
75 100
76 78
76 79
76 82
76 83
76 86
76 87
76 88
76 89
76 90
76 94
76 98
77 79
77 80
77 81
77 83
77 85
77 86
77 87
77 90
77 95
77 100
78 80
78 82
78 83
78 84
78 87
78 90
78 91
78 96
78 97
79 81
79 83
79 85
79 86
79 87
79 90
79 91
79 92
79 94
79 95
79 97
79 98
79 100
80 81
80 85
80 86
80 87
80 88
80 89
80 94
80 95
80 96
80 97
80 98
81 82
81 83
81 85
81 90
81 91
81 92
81 93
81 95
81 96
81 99
82 83
82 84
82 88
82 89
82 92
82 93
82 94
82 95
83 85
83 87
83 89
83 90
83 93
83 94
83 97
84 86
84 87
84 89
84 90
84 91
84 94
84 100
85 87
85 88
85 91
85 92
85 93
85 95
85 98
85 99
86 87
86 89
86 93
86 95
86 98
86 100
87 90
87 93
87 94
87 98
87 99
88 89
88 91
88 93
88 94
88 97
88 100
89 91
89 95
89 96
89 98
89 99
89 100
90 95
90 99
90 100
91 92
91 93
91 94
91 98
92 94
92 98
92 100
93 95
93 98
93 99
93 100
94 95
94 96
94 98
94 99
95 96
95 98
96 97
96 98
96 99
96 100
98 99
98 100
99 100
